1372 2171 3310 
1374 2600 3104 
1376 3030 3285 
1380 1408 2207 
1383 1467 2871 
1388 1526 3311 
1394 1432 2868 
1411 1592 3310 
1417 1522 2322 
1418 1588 3184 
1422 2306 3021 
1423 3238 3287 
1427 3021 3208 
1433 2222 3007 
1434 2849 3275 
1435 1488 2238 
1443 2246 3151 
1450 1517 2848 
1453 1534 3184 
1459 3083 3112 
1462 2187 3310 
1466 2862 3208 
1470 2224 3275 
1471 2224 3275 
1473 1573 3269 
1475 2662 3279 
1480 2845 2873 
1487 1515 3160 
1495 2867 3297 
1502 2170 3269 
1506 2654 3310 
1507 2654 3310 
1528 2624 2878 
1530 2835 2883 
1537 3007 3050 
1538 2278 3108 
1541 2192 2872 
1547 2663 3243 
1551 3263 3275 
1558 3157 3309 
1566 3155 3310 
1576 2222 3007 
1577 2302 3301 
1579 3201 3311 
1594 2752 2783 
1597 1775 1778 
1599 3195 3289 
1607 2759 3126 
1613 2343 2747 
1615 2355 2472 
1619 1841 2337 
1620 3195 3289 
1621 3199 3289 
1622 1626 3057 
1624 1712 2724 
1628 2681 2775 
1639 2406 3045 
1643 1666 3074 
1645 1914 2934 
1646 2797 2957 
1647 3056 3215 
1649 2926 3127 
1658 1822 2714 
1660 1771 2375 
1662 2926 3127 
1668 3032 3036 
1669 3292 3300 
1670 1870 3132 
1673 2716 2921 
1674 1675 2470 
1676 2338 3195 
1679 2407 2897 
1681 2498 2906 
1682 2441 2718 
1689 1781 3054 
1691 1719 3226 
1696 1792 2455 
1710 1935 2383 
1726 2798 3042 
1729 1856 2380 
1731 2716 2921 
1734 2736 2955 
1738 2924 3048 
1744 2700 2722 
1745 2959 3174 
1747 3292 3300 
1751 3039 3130 
1759 3033 3073 
1760 1780 2787 
1764 1765 2415 
1776 2746 3124 
1777 1937 2741 
1789 2785 2928 
1809 2759 3126 
1813 2700 2722 
1821 2954 3273 
1823 2449 2767 
1824 2428 2766 
1830 1851 2436 
1831 3062 3170 
1845 1846 2778 
1847 2344 2461 
1852 2368 2465 
1860 2752 2783 
1878 2040 2593 
1880 2605 2827 
1882 2515 2520 
1885 2435 2439 
1887 2820 2968 
1894 2572 3012 
1896 2515 2520 
1899 2149 3249 
1901 2142 2588 
1902 2081 2082 
1903 2517 2834 
1906 2135 3080 
1907 2559 2994 
1909 2024 2963 
1910 2098 2248 
1926 2793 3200 
1930 2335 2494 
1939 2780 3069 
1940 2498 2906 
1944 2958 3293 
1946 2565 2962 
1950 2088 2217 
1955 2820 2968 
1958 2513 2822 
1960 1961 2849 
1962 2578 2806 
1970 2110 2571 
1975 2028 2029 
1976 2582 3060 
1978 2826 2831 
1979 2713 3249 
1983 2801 2818 
1984 2527 2586 
1986 2823 3081 
1994 2058 2828 
1996 2534 2805 
1997 2813 3236 
2000 2138 2297 
2011 2043 2529 
2022 2545 3236 
2027 2518 2626 
2044 2580 3141 
2048 2053 2675 
2059 2558 2994 
2063 2064 2065 
2066 2713 3249 
2073 2074 2075 
2090 2516 2549 
2094 2438 2597 
2097 2132 2483 
2123 2561 2969 
2129 2130 2131 
2136 2581 3216 
2144 2592 2594 
2147 2517 2834 
2150 2564 3078 
2151 2592 2594 
2156 2157 2595 
2169 2640 3285 
2172 3024 3286 
2172 3024 3287 
2173 2668 2669 
2173 2669 3247 
2174 2867 3154 
2174 2867 3297 
2174 3154 3297 
2175 2289 3105 
2175 2289 3214 
2176 2236 2237 
2176 2237 3111 
2178 2226 3223 
2180 3280 3302 
2181 2688 3087 
2181 2688 3186 
2186 2637 2683 
2186 2637 3311 
2204 3215 3297 
2209 3301 3302 
2211 2813 3236 
2212 2312 3301 
2212 2868 3301 
2214 2627 3236 
2216 3084 3309 
2216 3084 3311 
2218 2859 3004 
2219 3005 3092 
2225 3110 3279 
2226 2780 3223 
2227 2843 3279 
2228 3201 3311 
2230 3009 3306 
2230 3097 3306 
2241 3280 3310 
2243 3216 3233 
2244 2276 2841 
2247 2647 2869 
2249 2647 2869 
2249 2647 2870 
2251 2905 3051 
2254 2255 3253 
2254 2255 3254 
2260 2301 2889 
2262 2800 2809 
2263 3296 3309 
2263 3296 3311 
2265 3231 3241 
2266 2478 2567 
2268 2676 3256 
2269 2650 3262 
2272 3238 3265 
2278 3108 3262 
2280 2882 3023 
2280 2882 3026 
2280 3023 3026 
2284 2835 2883 
2285 3144 3217 
2288 3280 3302 
2292 2303 2835 
2292 2303 2883 
2292 2835 2883 
2295 3244 3283 
2298 2660 3288 
2303 2835 2883 
2312 3149 3301 
2313 2975 2982 
2313 2975 3085 
2313 2982 3085 
2314 2640 3285 
2320 3240 3281 
2327 2837 3264 
2327 2881 3264 
2328 3163 3288 
2334 2605 2692 
2334 2605 2827 
2336 2680 3285 
2339 2416 2736 
2344 2461 3132 
2348 2699 2734 
2348 2699 3061 
2349 3066 3292 
2350 3227 3228 
2351 2701 3039 
2351 3039 3130 
2352 2411 2777 
2353 2934 3202 
2353 2934 3295 
2358 2464 2920 
2359 2765 3289 
2361 2898 2943 
2361 2907 2943 
2363 3135 3145 
2363 3135 3178 
2367 2763 3071 
2369 3037 3129 
2369 3037 3248 
2369 3129 3248 
2370 2939 2956 
2370 2939 3292 
2373 2898 2943 
2373 2907 2943 
2377 2467 2781 
2378 2467 2781 
2381 2703 2712 
2394 2716 2921 
2397 3174 3256 
2401 2737 3031 
2401 2737 3059 
2405 2451 2579 
2405 2451 3038 
2406 3045 3128 
2410 2735 2898 
2410 2735 2907 
2411 2743 2777 
2414 2847 2903 
2414 2847 3190 
2414 2903 3190 
2417 2729 2904 
2419 2914 3164 
2423 2949 2950 
2427 2785 2928 
2432 3052 3119 
2432 3052 3177 
2440 2911 3120 
2440 2912 3120 
2458 2782 3127 
2463 3018 3019 
2463 3018 3198 
2463 3019 3198 
2466 2695 3223 
2469 3065 3166 
2469 3065 3171 
2474 2763 3071 
2480 2803 2824 
2482 2488 2833 
2482 2488 3057 
2496 2617 2916 
2496 2838 2916 
2500 2705 3125 
2500 2705 3263 
2501 2811 2974 
2501 2811 3191 
2501 2974 3191 
2502 2815 2816 
2503 2591 2826 
2503 2591 2831 
2503 2826 2831 
2504 2556 2557 
2504 2556 2819 
2507 2532 2799 
2507 2532 3141 
2507 2799 3141 
2514 2562 2788 
2514 2562 2812 
2514 2788 2812 
2516 2549 2969 
2519 2523 2881 
2522 2550 2551 
2522 2550 2552 
2522 2551 2552 
2523 2881 3264 
2526 2527 2586 
2531 3283 3306 
2532 2799 3141 
2534 2805 2808 
2535 2717 3283 
2540 2542 2963 
2541 2542 2963 
2545 2813 3236 
2547 2548 2814 
2548 2814 3236 
2550 2551 2552 
2553 2598 3143 
2553 2986 3143 
2554 2573 2728 
2554 2573 2957 
2562 2788 2812 
2564 3078 3182 
2565 2808 2962 
2574 2801 2818 
2580 2799 3141 
2582 3060 3176 
2583 2585 2832 
2583 2585 3082 
2583 2832 3082 
2585 2832 3082 
2587 2965 3303 
2587 3181 3303 
2590 3004 3092 
2591 2826 2831 
2603 3280 3302 
2604 3271 3274 
2604 3271 3276 
2604 3271 3291 
2604 3274 3276 
2604 3274 3291 
2606 2865 3298 
2606 3156 3298 
2611 2886 3025 
2611 2886 3280 
2611 2886 3302 
2611 3025 3280 
2611 3280 3302 
2612 2693 2976 
2614 2631 2888 
2614 2631 3014 
2614 2838 2888 
2615 2836 3154 
2617 2856 2888 
2618 3301 3302 
2619 3159 3284 
2619 3159 3311 
2619 3257 3284 
2619 3257 3311 
2619 3284 3311 
2624 2878 2879 
2625 3159 3309 
2628 2981 3307 
2628 3020 3307 
2628 3144 3307 
2630 2682 2891 
2630 2891 3155 
2630 3155 3310 
2631 2856 2888 
2631 2856 3014 
2632 2857 3311 
2632 3262 3311 
2635 3284 3308 
2635 3284 3311 
2636 3083 3112 
2636 3083 3232 
2637 3298 3311 
2638 3087 3237 
2638 3186 3237 
2640 2997 3285 
2641 2686 2893 
2641 2686 3253 
2641 2686 3254 
2641 2893 3253 
2641 2893 3254 
2643 2844 3311 
2644 3180 3306 
2646 3094 3261 
2648 2866 2896 
2648 2866 3001 
2648 2896 3001 
2649 3153 3276 
2649 3271 3276 
2650 3146 3239 
2650 3146 3262 
2657 2859 3004 
2657 2859 3005 
2657 3004 3005 
2657 3004 3092 
2657 3005 3092 
2660 3287 3288 
2664 2690 2691 
2664 2691 2876 
2664 2876 3106 
2665 3277 3311 
2666 2878 2879 
2666 2879 3310 
2670 3280 3302 
2671 3180 3233 
2671 3180 3306 
2673 2674 3097 
2676 2884 3256 
2678 3018 3019 
2678 3018 3198 
2678 3019 3198 
2678 3019 3269 
2682 2890 2891 
2683 3114 3305 
2684 3114 3296 
2684 3296 3308 
2684 3296 3309 
2684 3308 3309 
2685 3221 3308 
2686 2893 3253 
2686 2893 3254 
2687 2924 3048 
2689 3216 3233 
2695 2948 3223 
2697 2959 3174 
2703 2712 2901 
2708 3052 3177 
2711 2863 3126 
2711 2863 3226 
2712 2901 3306 
2715 2948 3173 
2715 2948 3223 
2715 3173 3223 
2717 3283 3306 
2721 3175 3266 
2727 2911 3120 
2727 2912 3120 
2730 2931 3228 
2730 3228 3290 
2731 2802 3258 
2731 2953 3258 
2731 3136 3258 
2733 2905 3051 
2739 2915 3261 
2739 3176 3261 
2742 3118 3119 
2742 3119 3122 
2744 2935 3036 
2745 3066 3292 
2745 3248 3292 
2745 3292 3300 
2746 3124 3283 
2749 3033 3073 
2751 3067 3230 
2751 3067 3295 
2751 3230 3295 
2757 2944 2945 
2758 3067 3295 
2764 2823 3081 
2768 2900 3139 
2768 3139 3197 
2776 2793 3200 
2779 3046 3173 
2779 3046 3206 
2779 3046 3245 
2784 3065 3166 
2784 3065 3171 
2793 3175 3200 
2796 3013 3230 
2796 3076 3303 
2803 2824 2829 
2805 2808 2962 
2811 2974 3050 
2811 2974 3191 
2821 2953 3303 
2837 2983 3181 
2838 2856 2888 
2839 3147 3187 
2839 3150 3187 
2842 3296 3311 
2845 2873 2986 
2847 2877 3190 
2847 2903 3190 
2847 3035 3190 
2848 2889 2985 
2850 2895 3218 
2850 3083 3218 
2850 3083 3232 
2851 3201 3311 
2851 3234 3298 
2851 3234 3311 
2851 3298 3311 
2853 3101 3213 
2853 3133 3213 
2853 3196 3213 
2855 3086 3152 
2855 3086 3182 
2855 3086 3185 
2855 3152 3182 
2855 3152 3185 
2855 3182 3185 
2857 3308 3309 
2858 3308 3309 
2859 3004 3005 
2860 2988 3000 
2860 2988 3006 
2860 3000 3006 
2860 3000 3027 
2860 3006 3027 
2862 2892 2992 
2862 2892 3208 
2862 2992 3016 
2862 3016 3208 
2864 3011 3298 
2864 3011 3299 
2865 3298 3304 
2866 2896 3001 
2866 2896 3246 
2867 3154 3297 
2867 3223 3297 
2868 3247 3301 
2871 3153 3276 
2871 3268 3276 
2874 3298 3311 
2882 3023 3026 
2884 3256 3289 
2885 3107 3239 
2885 3107 3311 
2885 3183 3311 
2885 3239 3311 
2886 3025 3280 
2886 3280 3302 
2890 2891 3155 
2892 2992 3021 
2892 3021 3208 
2895 3010 3150 
2895 3010 3187 
2895 3150 3187 
2895 3150 3218 
2897 3043 3118 
2897 3043 3122 
2901 3251 3306 
2909 2910 3032 
2909 2910 3036 
2909 3032 3036 
2910 2935 3032 
2910 2935 3036 
2910 2939 3032 
2910 3032 3036 
2913 2922 3229 
2913 2922 3266 
2913 3229 3266 
2915 3060 3261 
2917 2924 3048 
2917 3062 3170 
2919 2998 3056 
2919 2998 3215 
2919 3049 3056 
2919 3049 3215 
2919 3056 3215 
2922 2930 3229 
2922 2930 3266 
2922 3229 3266 
2924 3048 3167 
2925 2942 3174 
2929 3066 3292 
2929 3169 3248 
2929 3169 3292 
2929 3169 3300 
2929 3248 3292 
2929 3292 3300 
2930 3229 3266 
2932 2946 2949 
2932 2946 2950 
2932 2949 2950 
2933 2946 2949 
2933 2946 2950 
2933 2949 2950 
2935 3032 3036 
2937 3058 3075 
2937 3058 3166 
2937 3058 3171 
2942 2959 3174 
2944 2945 3229 
2944 2945 3266 
2944 2945 3273 
2944 3229 3266 
2944 3266 3273 
2945 3229 3266 
2945 3266 3273 
2946 2949 2950 
2947 3140 3227 
2947 3227 3228 
2948 3173 3223 
2951 2971 3176 
2951 3176 3261 
2951 3244 3283 
2953 3258 3303 
2959 3174 3256 
2965 3258 3303 
2971 3079 3176 
2971 3176 3205 
2975 2979 2982 
2975 2979 3247 
2975 2982 3085 
2975 3085 3247 
2979 2982 3149 
2979 2982 3301 
2979 2993 3247 
2979 3149 3247 
2979 3149 3301 
2979 3247 3301 
2980 2989 3302 
2981 3240 3298 
2981 3240 3307 
2981 3240 3311 
2981 3298 3304 
2981 3298 3311 
2981 3304 3307 
2981 3304 3311 
2982 3085 3149 
2982 3085 3301 
2982 3149 3301 
2983 3181 3206 
2984 3089 3101 
2984 3089 3133 
2984 3089 3196 
2984 3089 3213 
2984 3089 3224 
2984 3101 3213 
2984 3133 3213 
2984 3196 3213 
2984 3213 3224 
2987 3193 3204 
2987 3193 3250 
2987 3204 3250 
2988 3000 3006 
2989 3017 3302 
2990 3114 3296 
2990 3296 3308 
2990 3296 3309 
2990 3296 3311 
2990 3308 3309 
2991 3114 3296 
2991 3296 3308 
2991 3296 3309 
2991 3296 3311 
2991 3308 3309 
2993 3085 3247 
2995 3087 3279 
2995 3186 3279 
2996 3114 3296 
2996 3296 3308 
2996 3296 3309 
2996 3296 3311 
2996 3308 3309 
2998 3056 3215 
3000 3006 3027 
3002 3089 3101 
3002 3089 3133 
3002 3089 3196 
3002 3089 3213 
3002 3089 3224 
3002 3101 3213 
3002 3133 3213 
3002 3196 3213 
3002 3213 3224 
3004 3005 3092 
3008 3115 3311 
3010 3147 3187 
3010 3150 3187 
3010 3187 3281 
3011 3156 3189 
3011 3156 3298 
3011 3156 3299 
3011 3189 3298 
3011 3189 3299 
3015 3157 3308 
3015 3157 3309 
3015 3157 3311 
3015 3296 3308 
3015 3296 3309 
3015 3296 3311 
3015 3308 3309 
3018 3019 3198 
3020 3240 3298 
3020 3240 3307 
3020 3240 3311 
3020 3298 3304 
3020 3298 3311 
3020 3304 3307 
3020 3304 3311 
3022 3210 3307 
3024 3265 3286 
3024 3265 3287 
3024 3287 3288 
3025 3109 3280 
3025 3109 3310 
3025 3246 3280 
3025 3280 3310 
3029 3148 3222 
3029 3148 3308 
3029 3162 3222 
3029 3221 3222 
3029 3221 3308 
3029 3222 3260 
3029 3222 3308 
3037 3129 3248 
3037 3129 3292 
3037 3248 3292 
3037 3292 3300 
3043 3053 3118 
3043 3053 3122 
3043 3118 3119 
3043 3119 3122 
3046 3068 3136 
3046 3068 3173 
3046 3068 3206 
3046 3068 3245 
3049 3056 3215 
3055 3123 3131 
3055 3123 3172 
3055 3123 3248 
3055 3123 3292 
3055 3131 3169 
3055 3131 3172 
3055 3131 3248 
3055 3131 3292 
3055 3169 3172 
3055 3169 3248 
3055 3169 3292 
3055 3172 3248 
3055 3172 3292 
3055 3248 3292 
3060 3079 3176 
3060 3079 3261 
3060 3176 3261 
3067 3230 3251 
3067 3230 3295 
3076 3181 3303 
3077 3102 3263 
3077 3102 3303 
3077 3258 3263 
3077 3258 3303 
3079 3176 3261 
3079 3244 3283 
3084 3148 3309 
3084 3234 3311 
3084 3304 3309 
3084 3304 3311 
3085 3149 3247 
3085 3149 3301 
3085 3247 3301 
3086 3152 3182 
3086 3152 3185 
3086 3152 3309 
3086 3152 3311 
3086 3179 3185 
3086 3182 3185 
3086 3185 3309 
3086 3185 3311 
3087 3088 3237 
3087 3088 3279 
3088 3186 3237 
3088 3186 3279 
3089 3101 3213 
3089 3133 3213 
3089 3196 3213 
3089 3213 3224 
3093 3148 3210 
3093 3148 3309 
3093 3210 3221 
3093 3284 3309 
3094 3146 3305 
3094 3146 3308 
3094 3146 3311 
3095 3257 3284 
3095 3257 3308 
3095 3257 3309 
3095 3257 3311 
3095 3284 3308 
3095 3284 3309 
3095 3284 3311 
3095 3304 3308 
3095 3304 3309 
3095 3304 3311 
3095 3308 3309 
3096 3153 3276 
3096 3274 3276 
3097 3243 3306 
3102 3263 3272 
3102 3272 3303 
3103 3259 3298 
3103 3259 3307 
3103 3259 3311 
3103 3262 3311 
3103 3298 3311 
3107 3162 3311 
3107 3239 3311 
3107 3296 3308 
3107 3296 3311 
3108 3262 3311 
3108 3296 3311 
3109 3280 3310 
3115 3162 3311 
3115 3239 3311 
3123 3129 3172 
3123 3129 3248 
3123 3129 3292 
3123 3131 3172 
3123 3131 3248 
3123 3131 3292 
3123 3131 3300 
3123 3172 3248 
3123 3172 3292 
3123 3172 3300 
3123 3248 3292 
3123 3292 3300 
3124 3219 3251 
3124 3219 3283 
3128 3219 3251 
3129 3169 3172 
3129 3169 3248 
3129 3169 3292 
3129 3172 3248 
3129 3172 3292 
3129 3248 3292 
3131 3169 3172 
3131 3169 3248 
3131 3169 3292 
3131 3169 3300 
3131 3172 3248 
3131 3172 3292 
3131 3172 3300 
3131 3248 3292 
3131 3292 3300 
3135 3145 3205 
3135 3178 3205 
3138 3230 3295 
3140 3230 3295 
3144 3304 3307 
3145 3205 3261 
3146 3239 3311 
3146 3262 3311 
3146 3308 3309 
3148 3210 3308 
3148 3220 3222 
3148 3220 3308 
3148 3222 3308 
3148 3222 3309 
3148 3308 3309 
3149 3247 3301 
3152 3182 3185 
3152 3185 3309 
3152 3185 3311 
3153 3252 3304 
3153 3290 3304 
3156 3189 3298 
3156 3189 3299 
3156 3189 3304 
3156 3298 3304 
3157 3210 3308 
3157 3277 3308 
3157 3277 3311 
3157 3308 3309 
3159 3239 3311 
3159 3284 3296 
3159 3284 3309 
3159 3284 3311 
3159 3296 3309 
3159 3296 3311 
3161 3220 3221 
3161 3220 3222 
3161 3220 3260 
3161 3221 3222 
3161 3221 3294 
3161 3222 3260 
3161 3260 3294 
3162 3220 3222 
3162 3220 3311 
3162 3222 3311 
3162 3255 3311 
3162 3294 3311 
3163 3238 3265 
3163 3238 3288 
3164 3257 3284 
3165 3265 3286 
3165 3265 3287 
3165 3287 3288 
3169 3172 3248 
3169 3172 3292 
3169 3172 3300 
3169 3248 3292 
3169 3292 3300 
3172 3248 3292 
3172 3292 3300 
3175 3200 3266 
3175 3229 3266 
3176 3205 3261 
3178 3205 3261 
3179 3211 3306 
3179 3304 3306 
3180 3211 3233 
3180 3211 3245 
3180 3211 3295 
3180 3211 3306 
3180 3295 3306 
3181 3206 3303 
3181 3272 3303 
3181 3297 3303 
3183 3232 3255 
3183 3255 3260 
3183 3255 3284 
3183 3255 3311 
3183 3260 3284 
3183 3284 3311 
3188 3189 3217 
3188 3189 3304 
3189 3234 3298 
3189 3298 3304 
3192 3252 3267 
3192 3252 3270 
3192 3267 3278 
3192 3267 3282 
3192 3267 3290 
3192 3267 3291 
3192 3270 3278 
3192 3270 3282 
3192 3270 3290 
3192 3270 3291 
3192 3278 3282 
3192 3278 3291 
3192 3282 3290 
3192 3282 3291 
3193 3204 3250 
3193 3204 3267 
3193 3204 3270 
3193 3204 3282 
3193 3204 3291 
3193 3204 3299 
3193 3250 3282 
3193 3250 3291 
3193 3267 3282 
3193 3267 3291 
3193 3270 3282 
3193 3270 3291 
3193 3270 3299 
3193 3274 3282 
3193 3274 3291 
3193 3282 3291 
3193 3282 3299 
3193 3291 3299 
3195 3199 3289 
3201 3259 3307 
3201 3259 3311 
3204 3250 3278 
3204 3250 3282 
3204 3250 3291 
3204 3267 3278 
3204 3267 3282 
3204 3267 3291 
3204 3270 3278 
3204 3270 3282 
3204 3270 3291 
3204 3270 3299 
3204 3278 3282 
3204 3278 3291 
3204 3278 3299 
3204 3282 3291 
3204 3282 3299 
3204 3291 3299 
3207 3252 3271 
3207 3271 3276 
3207 3271 3278 
3207 3271 3290 
3207 3271 3291 
3207 3271 3311 
3207 3276 3278 
3207 3278 3291 
3207 3278 3307 
3207 3291 3307 
3210 3221 3308 
3210 3259 3307 
3211 3295 3306 
3216 3272 3275 
3219 3283 3297 
3220 3221 3222 
3220 3221 3308 
3220 3222 3260 
3220 3222 3308 
3220 3222 3311 
3221 3222 3308 
3221 3294 3308 
3222 3260 3309 
3222 3308 3309 
3225 3252 3271 
3225 3271 3276 
3225 3271 3278 
3225 3271 3282 
3225 3271 3290 
3225 3271 3291 
3225 3276 3278 
3225 3278 3282 
3225 3278 3291 
3225 3278 3307 
3225 3282 3290 
3225 3282 3291 
3225 3282 3307 
3225 3291 3307 
3227 3228 3290 
3234 3298 3311 
3238 3265 3286 
3238 3265 3287 
3238 3287 3288 
3240 3298 3311 
3243 3259 3311 
3243 3277 3303 
3243 3277 3311 
3250 3252 3271 
3250 3271 3276 
3250 3271 3278 
3250 3271 3282 
3250 3271 3290 
3250 3271 3291 
3250 3276 3278 
3250 3278 3282 
3250 3278 3291 
3250 3278 3307 
3250 3282 3290 
3250 3282 3291 
3250 3282 3307 
3250 3291 3307 
3252 3267 3271 
3252 3271 3274 
3255 3260 3284 
3255 3260 3309 
3255 3284 3296 
3255 3284 3308 
3255 3284 3309 
3255 3284 3311 
3255 3296 3308 
3255 3296 3309 
3255 3296 3311 
3255 3308 3309 
3257 3260 3284 
3257 3260 3309 
3257 3284 3296 
3257 3284 3299 
3257 3284 3308 
3257 3284 3309 
3257 3284 3311 
3257 3296 3308 
3257 3296 3309 
3257 3296 3311 
3257 3298 3311 
3257 3308 3309 
3258 3263 3272 
3258 3272 3303 
3259 3298 3311 
3260 3284 3294 
3260 3284 3309 
3260 3294 3309 
3263 3272 3275 
3267 3268 3276 
3267 3268 3278 
3267 3268 3282 
3267 3271 3276 
3267 3271 3278 
3267 3271 3282 
3267 3271 3290 
3267 3271 3291 
3267 3271 3311 
3267 3276 3278 
3267 3278 3282 
3267 3278 3291 
3267 3278 3307 
3267 3282 3290 
3267 3282 3291 
3267 3282 3307 
3267 3291 3307 
3268 3270 3278 
3268 3270 3282 
3268 3274 3276 
3268 3274 3278 
3268 3274 3282 
3268 3276 3278 
3268 3278 3282 
3270 3278 3282 
3270 3278 3291 
3270 3278 3299 
3270 3278 3307 
3270 3282 3290 
3270 3282 3291 
3270 3282 3299 
3270 3282 3307 
3270 3290 3299 
3270 3291 3299 
3270 3291 3307 
3271 3274 3276 
3271 3274 3278 
3271 3274 3282 
3271 3274 3290 
3271 3274 3291 
3271 3274 3311 
3271 3276 3278 
3271 3278 3282 
3271 3278 3291 
3271 3282 3290 
3271 3282 3291 
3272 3303 3304 
3274 3276 3278 
3274 3278 3282 
3274 3278 3291 
3274 3278 3307 
3274 3282 3290 
3274 3282 3291 
3274 3282 3307 
3274 3291 3307 
3278 3282 3291 
3278 3282 3299 
3278 3282 3307 
3278 3291 3299 
3278 3291 3307 
3282 3290 3299 
3282 3291 3299 
3282 3291 3307 
3283 3297 3306 
3284 3294 3296 
3284 3294 3308 
3284 3294 3309 
3284 3294 3311 
3284 3296 3308 
3284 3296 3309 
3284 3296 3311 
3284 3308 3309 
3291 3304 3307 
3294 3296 3308 
3294 3296 3309 
3294 3296 3311 
3294 3308 3309 
3295 3297 3306 
3296 3308 3309 
3298 3304 3311 
3304 3308 3309 
